Jacobi:
[0, 1.4285714285714286, 1.0952380952380953, 1.342403628117914, 1.2396069538926682, 1.2985458733758055, 1.2714489675940925,
1.2860585067150232, 1.2790637741057063, 1.282723605331812, 1.2809324016397086, 1.2818541461611905, 1.2813973938621983, 1.28
16302428196178, 1.2815140460470922, 1.2815729692993922, 1.281543448164806, 1.2815583735209757, 1.2815508789237045, 1.281554
6616432614, 1.2815527597734395]
[0, 1.0, 0.5714285714285714, 0.8571428571428572, 0.7448979591836734, 0.8140589569160998, 0.7840945902170392, 0.801038404779
9014, 0.793208591070593, 0.7974183710605263, 0.7953992710594898, 0.7964543799552533, 0.7959375074155964, 0.7962033021083977
, 0.7960715242296805, 0.7961386772426313, 0.7961051565368771, 0.7961221510763442, 0.7961136352240549, 0.7961179401458279, 0
.7961157782745746]
[0, 0.6666666666666666, 0.015873015873015865, 0.23280423280423276, 0.0826404635928445, 0.14289913496262704, 0.1067479313888
9888, 0.12275758824007749, 0.11386308580336103, 0.11802740873075651, 0.11581085290608856, 0.11688193150467925, 0.1163253964
2353991, 0.11659918778097936, 0.11645884533728568, 0.11652859280186378, 0.11649311440814684, 0.11651084822886186, 0.1165018
6663655734, 0.11650637072004738, 0.11650409514177706]
initial value:
x:0 y:0 z:0
ans:
1.2815527597734395 0.7961157782745746 0.11650409514177706
Gauss=Seidel:
[0, 1.4285714285714286, 1.2896825396825398, 1.2813838498362309, 1.281423654852888, 1.2815301886439792, 1.281550429678557, 1
.2815530971758624, 1.2815533748911967, 1.2815533971354804, 1.2815533981546228, 1.2815533980879763, 1.2815533980628848, 1.28
15533980587994, 1.2815533980583036, 1.2815533980582559, 1.2815533980582523, 1.2815533980582523, 1.2815533980582523, 1.28155
33980582523, 1.2815533980582523]
[0, 0.8214285714285714, 0.810515873015873, 0.7986150478710002, 0.7964309116136167, 0.7961478949422788, 0.7961188655449635,
0.7961165901860173, 0.7961164933431744, 0.7961165016002281, 0.7961165043586573, 0.7961165047967204, 0.7961165048490608, 0.7
961165048540231, 0.7961165048543649, 0.7961165048543724, 0.7961165048543697, 0.7961165048543691, 0.796116504854369, 0.79611
6504854369, 0.796116504854369]
[0, 0.07539682539682538, 0.10989858906525571, 0.11570968407939307, 0.11642888393926379, 0.11649954865391171, 0.116504727111
99954, 0.11650489278780259, 0.1165048633542315, 0.11650485565870611, 0.11650485451275364, 0.11650485438154294, 0.1165048543
6967199, 0.11650485436892577, 0.11650485436892202, 0.11650485436893011, 0.11650485436893179, 0.11650485436893199, 0.1165048
5436893204, 0.11650485436893204, 0.11650485436893204]
initial value:
x:0 y:0 z:0
ans:
1.2815533980582523 0.796116504854369 0.11650485436893204